15,333800 12,744264
14,447345 10,406867
15,657670 8,412711
15,605858 11,602054
1,011213 1,185525
3,297250 -0,485634
14,889648 9,063845
14,805828 9,540944
18,148814 10,018267
-1,570306 0,789967
15,256115 6,804570
-0,458576 1,619351
-2,151405 1,978031
15,268752 12,716908
12,554855 11,767036
15,827095 9,319229
0,700514 1,233215
0,033671 0,489437
3,213978 -0,538200
2,370203 -1,318148
2,330611 0,864163
15,867593 12,202704
0,095012 -2,058675
14,803134 10,355401
2,391163 -0,965385
1,865136 -0,264383
18,129311 8,982359
-0,324387 0,290533
12,312931 10,036634
16,202042 8,366059
0,227865 2,699762
-0,495883 2,214144
-0,424097 -0,603868
-0,657833 -2,050338
15,871750 6,772458
0,860028 -1,269017
12,691532 10,317004
15,427370 11,321288
-0,282306 2,810537
13,461890 11,748801
1,922207 0,450038
14,642497 10,075811
18,603838 9,616594
-1,497390 1,569306
-0,570404 -0,825042
14,395618 7,670748
13,918290 8,273562
12,866088 10,427594
0,821311 0,318530
-0,469397 0,757048
0,441974 0,819014
15,022396 11,082713
-0,220257 -0,171721
-0,711715 -0,842041
1,390954 -0,210900
-0,474659 1,907571
1,611147 -0,421807
0,456668 -2,026141
0,603179 -1,507341
1,476579 0,976072
14,817140 10,836310
17,190212 10,455856
14,335067 8,179663
15,261452 12,639156
15,756065 8,805894
12,300874 9,991520
15,315660 9,105971
-1,373442 2,706826
3,511377 -0,202718
-0,877758 3,167803
-2,195297 0,500828
0,542754 -2,658009
-1,713678 1,911013
16,989128 8,921748
15,292551 11,809718
-2,631372 0,361028
12,453809 10,204129
-0,336453 2,596769
16,393666 8,829170
-0,577838 -0,622785
-0,498014 2,017490
1,524186 1,531621
14,288059 11,910033
0,725034 -3,470387
12,941491 10,110598
0,734453 -0,228036
16,656288 8,518433
17,454158 8,838918
-0,023539 2,308839
2,793069 -0,150845
-1,729955 -0,935908
16,592820 7,476569
-0,756849 1,777544
16,230803 10,796351
14,325423 7,618606
14,728421 9,081285
17,836622 10,181255
15,086898 8,391955
1,143601 -0,761469
-1,008780 0,811022
3,096772 -0,843542
17,567299 8,712511
-0,667473 2,041129
16,836714 10,052241
-0,142019 1,568214
15,103796 8,809361
14,682053 8,396682
12,177436 11,231286
1,418158 -2,298502
13,167709 10,160106
1,342826 -0,378378
0,701252 1,551594
16,095434 8,110662
-0,918459 -0,990801
14,289197 9,545599
12,887432 11,170390
1,339900 -2,973372
14,823217 7,540001
16,522584 10,943242
15,164157 9,201815
-1,405108 -1,488148
17,818011 9,125003
13,954574 10,634910
15,138406 6,979656
-2,625984 -0,127190
11,506246 10,240114
0,245223 1,839487
13,065307 10,675255
16,093869 11,283726
13,690630 8,940043
13,560933 9,928315
14,935851 12,846918
-0,499577 1,665624
15,591297 11,563012
1,154086 -2,076436
-1,636670 0,037286
14,565525 7,525267
15,847596 6,544342
15,485195 9,880862
-0,758723 2,238732
14,665933 11,087509
-1,389248 0,537744
13,365768 12,528129
15,576579 6,403162
13,686130 9,183737
17,439096 9,233128
15,131858 7,528525
14,245247 12,630404
13,260501 11,867725
2,177983 -0,618199
17,550646 8,709084
16,128182 9,239528
14,065136 13,178648
16,323726 10,040540
0,915866 -1,529163
-2,305463 -0,752229
2,057986 -1,986929
14,253539 8,216226
14,973686 7,821686
-0,291972 -0,724592
14,331095 9,805099
0,687461 -0,912931
0,738462 1,020022
14,204494 13,350430
13,216378 9,079142
17,408757 10,081339
14,286055 11,532806
-2,949544 -0,147262
14,652581 7,294184
-0,647053 -0,910618
18,201732 9,386349
-0,574848 -2,308082
13,753760 8,412919
-0,499645 1,365575
15,452802 11,883795
-0,553404 -1,183683
15,445102 10,780298
15,002668 10,476041
-0,493842 -1,869853
14,520228 9,315447
-0,222027 0,463578
16,244574 9,146623
14,035342 12,956419
-0,702492 3,452780
16,385022 9,364767
15,162640 10,972367
14,068203 9,892888
-0,445634 -0,397381
14,028525 12,616987
16,057029 8,132615
0,138104 -0,738036
-1,105016 -0,356725
-0,778428 2,436329
0,611592 -2,009137
2,655470 -0,087801
-1,333223 -1,394522
-2,813838 -0,281131
-0,641378 -1,668331
2,519236 -1,323556
14,185711 10,376501
-0,098987 -2,813281
15,457178 7,692695
15,788389 8,476846
0,342958 -1,192106
17,226372 8,645993
2,478902 -1,210884
15,815498 9,692670
0,644761 1,831465
15,537692 8,033883
15,945264 8,465203
0,822023 -0,973769
0,990449 -0,245333
16,419542 10,261096
-0,555361 -0,368429
0,990559 0,008664
16,920125 8,736172
12,707249 10,386250
-0,919943 1,511054
17,237451 8,677439
13,562633 8,806233
-3,160430 0,177700
14,338473 13,625932
16,057858 11,497350
0,738158 0,840110
-1,243459 -1,892386
-1,837802 1,719776
-0,157751 2,566938
15,074150 8,923657
0,729824 1,707030
15,527151 10,058312
13,382329 11,522328
13,051202 10,289026
2,443631 0,649895
16,523175 9,395957
15,204396 11,255034
16,055409 7,962214
0,919412 1,434146
15,550099 7,748262
14,816492 10,430999
-0,187439 1,398385
0,007448 2,912629
-0,668688 -1,778756
1,291028 -1,047457
-2,605005 0,555478
14,575327 8,869441
-1,845691 1,889663
1,078772 0,514719
1,426573 -0,494551
-1,644455 1,825172
-0,284593 -2,634592
15,943026 11,949722
0,100662 -0,003469
-1,523880 -0,630499
0,917161 -1,267669
16,600782 9,965251
18,479198 9,408083
16,456354 9,772792
15,434926 7,217324
0,101331 -0,183114
14,975144 10,415514
15,382008 7,244466
-1,457896 0,087735
-1,010404 0,449136
16,851399 7,981775
13,960505 13,024750
16,543903 9,661500
15,206427 10,195584
0,105228 1,386094
1,990922 0,491434
16,108893 7,526514
16,218424 8,509663
1,373541 -0,704551
-1,085530 2,372503
15,839033 12,029630
15,533391 6,640728
-1,559008 2,609991
12,330905 9,473793
-0,351295 -2,440209
-2,383257 0,874835
-1,441059 0,880393
0,979915 1,507181
15,533964 9,441174
15,281499 10,688452
-2,868496 1,267892
-1,366561 1,723007
15,489115 6,690810
-2,830594 0,527110
-0,087580 -2,218049
13,710439 8,756931
0,915299 0,080597
13,984461 9,826496
0,080226 -0,100967
-1,508110 -1,234420
-2,894746 0,479244
-1,281073 2,160057
-2,700484 1,187571
0,015540 -0,696779
16,592211 10,001011
16,106488 7,915647
13,763243 8,608473
14,297232 8,493187
1,028404 -0,457367
1,049871 -2,596406
14,408051 13,148827
-2,734505 0,119399
0,505573 -2,907540
13,340389 10,213034
-0,830851 0,434331
12,570968 9,201364
14,039193 8,273731
12,714910 9,534593
0,038652 0,274956
16,098741 6,841142
15,310483 11,446484
-0,772478 3,372251
16,448771 8,695545
1,087146 -1,492072
15,358250 10,162846
1,062478 -2,354665
16,376702 11,211984
0,776404 0,807683
16,350579 10,305675
14,973553 8,175716
0,219614 2,449494
-3,278870 0,368104
-1,423218 -1,124186
2,433668 0,178269
17,536773 10,642888
-1,865996 -0,721530
-0,773882 2,617223
-0,709235 -0,073166
-2,017618 0,075083
16,201731 9,896914
0,459471 2,383822
-1,712988 1,053462
0,755742 -0,110661
14,211368 8,650820
13,409374 11,233781
13,818439 12,173644
-0,106388 1,567218
16,261989 7,395704
13,434978 11,093285
1,003697 1,831989
18,009359 9,682597
2,776236 -0,300353
-1,754274 0,587794
12,763896 10,945826
14,525933 12,550216
0,205763 1,191264
14,414739 12,377407
2,539721 -0,442817
17,026755 10,867980
15,356966 12,352574
-0,482094 -0,352071
14,835191 9,837980
14,046489 12,903334
14,003664 9,021863
14,555359 10,961255
12,792190 11,053529
0,736083 -1,679796
0,347419 -1,430659
17,839976 9,889227
14,928368 7,505619
-2,849507 -0,039350
17,592064 8,652621
13,457147 11,267434
12,789438 11,354258
0,115516 -2,442404
12,996504 10,583650
0,828765 0,764702
-0,652595 -1,287293
0,599914 -2,710830
1,769748 -2,017812
1,299215 -1,880183
-0,845631 2,072305
-2,257504 1,793049
0,302100 1,812285
-2,028822 -1,040779
12,057855 10,422514
17,335244 10,198780
0,348124 -0,119962
15,563564 11,265611
1,386680 -0,963279
-1,318663 1,180559
14,241308 11,992286
-1,615427 1,204403
13,453018 11,466707
2,747064 -1,057376
-1,304996 -0,274860
16,044506 11,398328
1,724608 -1,671141
-2,021535 1,456936
1,566715 0,309551
12,926972 9,684815
12,333745 9,936504
-2,315494 -0,114712
0,208985 -2,594033
15,074752 8,202556
15,988084 11,891455
1,083531 0,087487
0,239630 -2,804642
0,057484 2,846036
1,149835 1,385144
16,658963 8,033597
15,433293 10,546324
13,549153 8,513644
-0,510137 -1,970536
15,527395 10,378063
14,389762 9,874788
12,213898 10,639595
18,211018 9,206876
15,024099 8,659390
14,324374 10,112203
-1,491572 -0,541284
15,575194 9,681727
13,823402 12,975652
17,005178 9,358352
13,582413 9,264748
0,436020 -0,262632
2,043399 0,089011
1,974233 0,141849
16,856995 9,831309
-2,449857 0,772886
14,264329 8,893832
14,949591 11,219378
14,974578 9,324203
0,723001 -0,456194
15,216411 8,010251
12,567774 11,140381
-1,140101 2,909133
13,487800 9,033439
18,087834 9,429468
0,792163 1,523565
-2,690485 -0,340782
0,724626 -0,947721
15,468962 6,481482
17,002580 8,241342
15,328676 11,422012
-0,708520 2,330286
-1,188133 1,691861
13,050856 9,820071
13,466812 10,078352
13,695653 11,634091
14,623613 10,554669
14,722437 8,168004
-0,664824 0,596273
-2,237797 0,373668
-0,831403 2,084488
14,771802 8,242097
-1,636778 1,832606
15,311441 10,655075
13,883431 10,160845
16,522388 9,374016
14,752876 7,202841
14,037317 8,888138
2,510626 -0,762294
13,031134 12,258376
13,682628 12,291833
-0,144366 2,219981
15,017067 9,507193
-0,268184 0,381100
-0,785501 -0,759297
15,307780 10,161125
15,140688 7,530721
2,632241 -0,487830
-0,135170 0,863582
-1,020863 0,535931
0,203321 -0,626992
-0,338674 2,821403
13,382117 9,159251
-0,654672 -2,062279
0,086108 2,786723
16,428399 10,086573
15,634873 7,236305
-2,020122 0,067334
1,893069 -0,820102
13,788663 8,334438
-1,589913 -0,879610
11,785815 10,864876
14,039851 9,902933
-0,565704 0,001172
17,711563 9,676011
1,427064 -0,252649
15,031143 8,179281
1,927707 -1,405171
-1,726628 2,160541
0,865908 0,094358
14,341263 11,048500
0,144263 -3,030843
15,466976 11,408552
-1,369250 0,668850
-3,661997 0,295939
12,745203 10,240738
-3,380308 0,381842
-0,948140 1,261173
0,225797 -3,177702
13,926521 9,401245
-0,826285 3,219939
2,270888 -1,567277
16,360879 11,252379
13,884926 9,113283
16,261845 10,801019
15,580065 11,978466
-0,917510 0,151396
14,366407 9,796606
13,953354 10,240573
14,373112 9,424598
-0,272877 -0,400125
1,969201 -1,591312
0,506143 1,333592
12,768031 10,515260
1,267159 -1,376303
15,418062 9,252177
1,216212 -2,471187
16,830235 7,612301
14,409658 8,795860
-0,440275 2,188002
-0,136911 1,017180
0,822054 -2,608711
0,582824 0,586231
2,194123 -0,524838
15,101430 9,911745
12,075923 10,706618
-1,809323 2,430793
3,058290 -0,597878
14,959313 7,819153
18,529936 9,663348
0,845491 0,455103
-2,003730 -1,102743
-1,547725 2,239248
2,635018 -0,158576
-1,426168 0,134477
-0,327667 1,604603
12,202289 9,896822
12,223930 11,154497
11,505702 10,265186
13,566436 12,640238
-2,912067 0,430867
1,531200 -0,683884
-1,906588 1,983422
-0,922040 -0,085917
14,402691 7,835216
14,780454 10,776564
0,668112 1,560812
14,488409 8,011016
-0,681558 2,843025
15,250063 9,928561
-1,403060 -1,165866
-1,326011 2,449934
15,665152 11,964624
-0,857726 0,202398
1,879327 -2,139125
0,884479 1,204724
15,514295 9,249083
15,039989 12,987279
15,657690 9,306508
1,619043 0,662140
17,378570 10,188446
14,565553 8,332732
-2,221927 -0,960916
12,717940 10,767383
12,431054 10,381094
17,415564 10,020979
12,460251 11,361125
14,834176 9,823663
-0,995485 -1,099886
15,022059 11,207809
16,354871 11,091251
15,503741 8,599303
2,536615 -0,897017
13,164551 11,300726
16,061091 11,479125
14,990689 12,580040
-1,766568 -1,106970
-0,987080 -2,111733
14,251588 12,519068
0,536449 -3,251323
15,534041 8,063500
-2,823147 1,189309
1,070808 -0,200320
-2,944404 -0,263986
1,183831 -2,223107
1,302982 -1,561853
-1,047087 3,266174
16,842488 10,110781
15,079593 7,302438
-1,861584 1,922233
14,225091 7,946854
13,895833 9,833805
15,028121 12,764509
-2,078462 -1,016014
-0,242445 -0,889090
-3,199865 0,613134
14,943595 9,875055
14,914185 7,221975
17,144937 8,104510
15,759762 12,185697
0,639328 -2,196074
14,713926 8,996278
12,637205 9,511328
13,939295 12,689254
17,938262 9,512761
-0,614513 2,156590
-1,709283 0,810838
15,393501 8,472296
15,586684 12,447738
13,310542 10,696586
1,210343 -1,591545
-0,862386 -0,845957
0,198807 2,788325
-3,121080 0,760807
16,772286 9,226710
-1,303031 1,411159
13,837100 10,141317
13,297622 11,279815
1,012852 0,341604
-0,273624 -0,376869
0,501287 2,406783
16,682236 11,356819
-0,620494 -0,641112
13,432075 12,582745
2,684550 -0,647656
-3,167798 -0,143768
14,862696 11,812825
0,322013 -1,080224
12,521813 11,681881
14,399816 9,435083
0,489714 -0,620857
14,089801 12,355871
-2,181739 0,998925
0,986684 1,870159
13,782373 9,873555
12,152502 11,018300
1,548314 -1,285412
15,997592 8,395465
-0,197529 2,380018
-0,468044 3,043998
16,686815 11,208140
16,198888 7,666055
0,263769 1,661682
14,067513 9,072248
3,045319 0,144254
14,866620 11,282165
14,945397 7,771422
13,972662 7,995238
12,915438 11,087707
13,613786 11,946491
-2,967614 1,069945
0,782688 -0,696813
14,459464 9,367901
14,377831 11,407744
17,068530 9,187158
-0,739436 -1,828080
0,573810 -0,456546
14,676109 12,073756
16,044726 10,775734
0,662870 -0,861833
17,780221 10,312536
2,353610 -1,555928
14,216575 7,743176
-1,793316 1,640866
-1,453524 1,819076
15,446849 7,938367
0,539131 -1,138507
16,317365 10,968228
1,943957 0,414726
-3,147889 0,906707
13,477908 9,389642
15,377817 7,067188
-0,611977 2,271822
13,153628 11,293032
13,550889 9,726067
16,274963 7,255932
1,695564 0,470804
15,973282 7,961921
0,921672 -3,328211
15,433240 10,677126
1,100954 -2,103028
15,320506 10,209864
1,488018 -1,797993
2,478824 -0,901556
16,767161 9,483962
-0,219340 0,307387
13,178881 10,985885
0,895017 1,824417
-0,121436 1,902961
14,186259 9,790645
14,890220 7,118539
-0,143399 2,268873
1,773824 0,896477
-1,295381 3,041849
0,479520 2,259676
1,766535 1,159448
-2,749746 -0,531992
1,878706 -0,335936
15,315567 11,576115
-0,310917 2,727538
13,149649 12,148387
0,859680 -2,605551
14,529306 12,303492
-0,188695 -0,534176
13,198127 9,339197
1,315741 -2,799499
12,381261 9,815630
13,568520 11,753960
14,400116 9,187730
17,008123 7,958847
0,536063 1,012204
1,111849 -2,288261
1,564228 -0,415895
13,338564 10,418510
2,256742 0,509081
1,664772 -1,050708
12,424588 10,314547
0,932856 -0,484840
0,410309 1,056961
-0,669000 2,794971
17,825077 8,879643
-0,264392 1,699629
15,574525 8,732249
-2,342328 1,772352
15,223729 10,903308
15,611878 7,987752
1,619432 -0,807158
16,418689 7,158082
-1,439503 2,226245
14,013595 9,402933
14,416228 9,358429
14,670608 11,837073
15,521846 8,748510
11,868029 10,593226
0,628860 0,567576
12,631314 9,453864
-0,544187 -1,415178
-1,230342 1,696752
14,571548 12,684623
-1,343444 -0,557401
-1,601051 -1,542243
14,580623 7,946302
-1,560603 2,192093
0,912561 -1,057074
1,915284 -0,188819
15,911975 10,046632
14,001417 11,741445
-1,377252 0,819257
11,882936 10,234512
0,520857 -1,964414
13,758983 11,874477
13,818513 13,088858
2,463924 -1,308323
1,259653 1,865294
16,554710 10,827443
15,924206 6,976639
2,551908 0,172600
1,653357 -1,312107
15,997195 11,872414
-0,472279 1,397355
14,558102 11,090270
-1,044274 -0,302773
11,744813 10,054859
-2,571712 -0,180490
15,377631 9,987433
-1,800316 2,309258
15,654166 9,437064
0,063284 1,668130
15,644129 11,852605
-0,429484 3,212860
1,066494 1,834779
14,376685 9,644926
0,641088 -3,401891
13,796223 9,248910
15,146345 6,885531
12,355654 10,511285
13,589709 8,503576
0,176867 0,115997
2,970487 -1,137457
16,827551 10,433289
-1,093868 2,222280
-1,493444 0,320052
13,911578 8,236270
13,200012 10,100768
1,121249 -1,731623
18,032810 9,674698
13,737944 11,732950
15,800687 10,891451
15,542239 12,003085
-2,840398 -0,119447
0,490163 -1,675682
1,250670 -0,329087
0,165362 -2,149436
12,791098 11,448313
11,788689 10,058669
14,883164 7,787043
-0,682023 -0,128102
1,119310 -2,521656
0,903669 0,955928
14,163313 9,371342
13,271912 8,617331
0,622763 -3,136715
12,987716 11,808318
-2,153436 -0,782468
-1,136336 0,138026
16,555211 9,396470
14,386538 10,123413
16,436196 8,886307
14,878200 11,490062
1,700864 1,009939
0,045375 -0,832828
0,914334 -2,068902
-0,715707 0,894432
0,768730 2,143927
12,961777 9,214298
-1,451778 1,539366
17,851150 9,314859
13,021374 9,561924
17,104423 8,331706
-2,271931 0,762203
-0,727050 2,736038
3,226054 -0,688761
0,862015 -1,687641
2,989288 0,211413
-2,915774 -0,248145
2,936170 0,259681
14,131255 11,197400
3,133171 -0,714828
14,554576 10,730955
-1,315097 1,738176
13,323249 8,542953
15,217480 12,087551
13,487554 10,969201
-1,627776 0,079537
-1,201384 2,925934
-0,838111 3,206499
13,000679 10,318433
15,449497 12,202526
12,386084 9,416022
16,104212 11,510017
17,551725 10,243946
13,237660 9,955777
-0,622071 3,114183
-0,469238 3,097723
-1,986111 -0,294442
13,856500 11,462293
16,344151 10,364686
2,021113 0,698696
15,769125 7,032240
1,585899 -1,216032
2,722897 -0,385865
1,438431 -1,830920
1,529243 -0,698873
12,961493 10,756855
1,330920 0,124496
-1,953326 0,941948
12,229492 10,149072
14,465396 8,341999
11,872915 10,805043
0,850802 -3,249867
-1,531004 -1,501292
0,080696 0,291054
-0,764716 0,973422
-2,004059 1,201592
0,141998 -3,044985
1,002699 -2,398886
16,654898 11,119392
17,612840 10,500421
-0,927700 -0,198268
15,895518 9,937027
0,597201 -0,621515
-1,233449 -1,908876
14,825122 12,795180
-0,922460 2,421414
14,361853 12,924463
0,219068 2,604443
1,224336 -2,173086
-0,844852 3,305343
15,502103 12,520878
14,771055 12,781740
-2,397474 1,297386
15,548468 7,493356
0,389137 -0,101801
1,878129 0,483634
0,790597 -0,495019
12,158160 10,805937
14,318031 8,750630
12,683045 9,318050
14,868683 10,527117
15,085930 7,705131
14,831962 10,468075
1,204486 -2,617159
16,437715 8,454542
12,862490 11,522959
13,599929 9,027618
14,721923 9,444641
17,984224 9,378299
-0,277495 -0,357186
17,256431 10,916419
16,234325 9,127189
0,873043 -1,030156
15,341165 9,515404
2,641440 0,575374
1,804076 1,118858
0,153504 -1,323585
15,670501 9,448724
12,655858 9,445932
13,288341 12,210575
-2,699257 1,361883
-0,660008 -1,351046
1,651865 -1,100572
13,446536 8,588659
15,572839 7,932883
1,044941 -0,247306
15,150376 7,599908
13,366506 9,508919
16,271808 10,327643
1,267936 0,172022
13,893179 11,865145
14,901805 9,449726
-0,830777 -0,694595
16,200689 9,598100
12,385853 10,684827
0,199596 -1,811555
-0,683507 3,093177
1,184539 -1,077963
-1,890935 -0,436475
-1,140398 0,423066
-0,993140 3,347907
14,255098 10,133142
-0,300995 2,656498
0,305464 -1,311549
16,616638 7,964995
-0,632698 -0,364361
-2,326408 0,879483
13,385057 10,395674
16,108547 11,641551
-0,928755 2,858507
1,430046 -0,693215
13,354383 11,186024
13,076942 10,918734
-2,140329 1,850286
11,679239 10,332528
0,305858 1,786718
16,166785 9,422625
14,017819 11,469892
0,517796 -1,691499
-0,428332 -1,274548
15,205126 10,334128
-3,627557 0,277036
1,868049 -0,141829
0,988487 -0,628050
-1,825151 -0,112333
-0,837473 0,430651
15,348056 10,925157
-0,598233 -0,741074
17,013792 8,760670
16,477474 10,915399
14,781499 11,439707
17,767893 8,626525
13,314438 12,281093
-0,194133 0,431583
14,107042 8,675282
13,632090 11,557232
2,699136 -1,026436
-2,215535 0,001841
1,410677 -0,254605
13,779365 9,289941
-1,635675 1,230275
-1,010053 0,413816
1,598422 -0,154634
14,585345 9,753363
-1,467795 -1,586838
-0,728139 2,412797
16,913869 9,583724
1,991814 -2,022182
-0,011268 2,838092
-1,640251 -0,269903
11,607167 10,436046
15,357043 7,181646
0,690486 -2,916833
1,455788 0,487649
-0,470355 0,192718
14,738596 9,319518
1,907416 -2,205763
0,088145 -1,844678
14,900157 9,364323
14,565922 11,075905
1,570147 -1,230617
13,679050 9,804756
17,991303 9,456412
-2,597407 -0,614097
14,358204 9,858222
-2,102836 0,320083
12,853809 11,330435
16,388763 11,550625
0,328141 -0,572726
-2,533410 0,156886
15,086271 11,559765
15,181248 11,639619
-0,114357 1,583756
13,995824 10,274567
13,958184 9,805852
